100206
209834
209935
250932
214625
251833
214524
210011
210112
214726
255639
217126
210415
255740
217429
210617
256540
219231
211114
257542
220721
211215
257845
221319
211316
257946
223929
211417
263436
224022
211619
268850
227432
211720
270332
227533
211821
274542
228434
211922
275645
231928
212015
280739
233326
212116
280941
237334
212217
281135
238033
212318
283543
239136
212419
285345
239944
212823
285446
245333
213017
286347
246133
213421
286650
248339
213522
287248
249947
214019
289555
250427
214221
290136
268749
214423
293748
295146
322224
297655
325129
298051
100307
329440
298455
299154
100408
330324
299760
300618
100610
334635
300719
303119
101006
339847
303624
304020
101107
342129
304727
305830
101309
346945
307127
308129
101915
349244
308331
309636
102008
352132
310621
311320
102311
353740
314225
316633
102513
358144
316835
318637
102614
361234
320826
321323
102715
365343
329844
366446
102816
368551
368753
333330
103010
371843
376247
336841
103111
377451
378756
341834
103212
378857
379657
346137
103414
380036
381038
348545
103515
381543
382242
350330
103818
385046
385450
352738
104012
386250
387959
356948
104416
389357
390645
360030
104820
391748
392447
361941
105014
392750
393247
366042
105115
393550
394956
395251
105216
449753
395756
395958
105620
397154
397760
456346
105923
397861
401422
406432
461743
106016
406836
412528
413934
106319
468050
414229
415837
475855
106521
419239
421226
422632
480141
106824
429040
432332
424939
107018
433839
436239
436845
107321
499566
441939
445543
506234
107422
448347
453441
453542
107725
513736
454140
108020
459453
108121
463040
108222
465852
108323
467351
108525
481951
469961
108828
479762
109123
481042
109325
485757
110007
513130
486759
110411
516742
517239
495255
110613
518746
519647
497865
111009
519950
520228
500222
111211
522434
523032
510326
111312
524135
525541
512835
111413
529549
529953
530635
111514
562446
531536
531940
111716
565452
536647
540436
112112
567759
541640
541943
112314
568963
545345
547046
112516
571144
548250
552241
112920
572045
552544
553344
113215
555348
555651
113316
579665
555954
557857
579867
113619
558960
558657
559053
113922
580751
559457
561242
114217
581450
561444
561949
585256
114318
562345
566454
587664
586460
114419
588565
567052
567961
114621
590047
592455
570243
114823
594156
597869
573249
598568
114924
599469
573451
115017
599671
576255
578057
115219
580044
115320
580347
115724
580650
115825
581349
116524
583858
116726
585862
117021
589567
117122
599065
601127
604537
609143
611938
615441
615744
616645
617748
618952
620434
622236
623844
626648
627549
627852
628248
633847
613538
634748
635245
638049
645450
645551
647858
654350
654552
654754
656253
656657
660951
657659
662551
663755
664757
665254
667056
668361
671855
672756
673455
675661
677766
679568
679770
680250
680452
680957
683256
685058
686969
687163
690152
692964
693764
694362
695768
698168
700634
702133
704238
705341
707749
709551
713239
715041
715647
715950
720337
723141
724446
725751
727553
727654
728454
729254
729557
731140
732243
734045
735148
737960
742549
744553
748258
748662
749058
749361
751348
753150
753251
756055
757764
759869
760551
761957
763557
765056
765864
767464
769064
770352
771354
773257
774663
779370
782561
783462
117324
825654
784565
826353
117930
788674
788876
827052
118023
789373
792564
832651
118124
792766
792867
833249
118225
793465
800941
837560
118528
802844
803240
841349
118730
804646
809252
844961
118831
810843
812746
849264
118932
814548
814649
852455
119025
815247
816653
856968
119126
818455
818859
859671
120111
820745
825048
865363
120212
825553
826454
869472
120414
870861
871762
828862
120515
871964
872158
833148
120717
872562
872764
835657
121416
873968
877168
837964
121618
877269
878776
843151
121921
878877
880157
845458
122317
882161
884064
849971
122620
885975
886674
856766
122822
887373
888678
857263
123117
889579
891667
861456
123420
894067
894673
867468
123723
894774
896778
896879
123824
898176
899885
943862
123925
901038
901139
901442
952863
124220
902242
904044
905147
958976
124422
907656
908860
910241
124624
965367
910443
911849
966975
124826
912447
917255
917558
971160
125222
919966
922854
923755
125424
983773
926862
927359
987074
125525
930449
932554
933253
989987
126325
937160
991267
942658
126426
992673
947668
951457
126628
993675
994273
955465
996782
127226
957974
959574
962058
127327
965771
969476
970764
127630
978578
979984
984472
987983
127731
990366
992774
127832
127933
128026
128127
128632
128935
129028
129129
129331
129634
130013
130114
130316
130417
130518
130619
130720
130821
130922
131217
131419
131722
131823
131924
132017
132118
133019
133625
133827
133928
134021
134223
134324
134425
134627
134728
134829
135124
135225
135528
135629
135730
135932
136126
136227
136631
136732
136833
137027
137128
137229
137532
137633
137936
138130
138231
138332
138534
138837
139233
139435
139637
139839
140117
140319
140824
140925
141119
141422
141826
142828
143224
143325
143426
143830
144125
144226
144428
144832
144933
145127
145632
145834
146129
146331
146432
146533
146735
146836
146937
147030
147636
147737
148032
148133
148335
148436
148840
148941
149236
149337
149539
149741
149842
150625
150726
150928
151223
151324
151425
151526
151627
151728
151829
151930
152225
152427
152831
153025
153126
153227
153429
153631
153732
153833
153934
154229
154330
154431
154532
154734
154835
154936
155635
155938
156031
156233
156334
156435
156536
156637
157336
157437
157942
158035
158136
158338
158540
158843
159138
159239
159340
159441
159744
160123
160729
160830
161327
161630
161731
161832
162026
162228
162329
162733
162935
163129
163331
163432
163836
164030
164131
164636
164939
165032
165436
165638
165840
165941
166438
166640
167036
167238
167440
167743
168139
168240
168341
168745
168947
169040
169343
169444
169545
169949
170631
171330
171532
171633
172029
172130
172332
172433
172534
172938
173334
173435
173536
173637
173738
173839
173940
174437
174841
175035
175136
175237
175338
175439
175540
175742
176037
176239
176441
176542
176744
176845
177140
177241
177645
177746
178142
178243
178748
178849
178950
179245
179346
180129
180230
180432
180533
180735
180836
180937
181131
181232
181636
182032
182436
182739
182840
183034
185038
185139
185341
185442
185846
185947
186040
186141
186444
186545
186848
187143
187345
187547
187850
188145
188347
188448
188549
188751
189349
189450
189652
190031
191033
191235
191336
191437
191841
191942
192035
192136
192237
192439
192540
192641
192843
193239
193845
194140
194443
194645
194746
194847
195041
195445
195647
195849
195950
196144
196346
196750
197348
197550
198047
198249
198350
198451
198653
198855
199150
199251
199352
199453
199655
199958
200008
200109
200311
200513
200614
200917
201111
201414
201515
201818
202113
202719
203418
203923
204016
204218
204319
204420
204521
204622
205119
205220
205725
205826
206222
206323
206525
206727
206828
206929
207123
207426
208024
208125
208226
208327
208630
209127
209228
209329
