0 96
1 50
2 17
2 56
2 69
3 26
3 36
3 87
4 87
6 25
6 35
6 38
6 91
8 69
11 21
14 24
14 27
15 35
15 36
16 18
16 79
16 99
17 57
17 70
17 79
17 95
17 96
18 83
18 90
18 92
20 21
20 27
20 71
20 83
21 31
21 33
21 35
21 74
21 79
23 35
23 36
24 29
24 65
26 73
27 65
29 74
35 39
35 73
35 83
36 39
36 53
36 73
36 83
36 84
36 91
36 94
40 99
43 67
45 47
47 95
47 96
47 99
50 51
53 87
55 69
57 69
61 79
64 71
65 74
65 83
65 84
65 87
66 96
67 90
67 99
68 79
69 95
73 75
73 84
73 86
73 87
82 83
83 86
84 86
86 91
89 93
96 97