0 43
1 4
1 8
1 23
1 76
2 35
3 4
3 12
3 22
3 26
3 33
3 42
3 50
3 66
3 72
3 84
3 90
4 12
4 26
4 84
4 87
5 15
5 52
7 43
8 52
10 96
11 95
12 53
13 19
13 70
13 74
16 43
16 66
17 83
19 43
21 39
21 43
21 66
22 66
22 87
23 74
23 75
24 45
24 63
24 84
25 69
26 45
26 75
27 43
29 87
29 99
30 32
30 33
30 34
30 36
30 44
30 93
32 55
33 66
34 43
34 90
35 41
35 43
35 45
35 47
35 65
35 97
36 97
37 80
37 92
37 96
38 41
39 43
40 82
40 86
41 79
42 53
43 66
43 67
43 71
43 76
43 86
43 87
43 94
43 98
45 86
45 88
45 94
46 99
47 80
47 82
49 71
52 56
53 84
54 84
57 96
60 85
63 74
69 74
69 75
69 83
70 95
71 95
71 96
72 87
74 84
74 95
75 80
75 83
75 84
77 95
79 93
80 83
80 99
82 87
84 94
86 97
89 93
89 96
91 96
92 93
93 94
94 99