1 25
1 84
2 7
2 25
2 45
2 57
2 96
3 23
4 25
4 26
4 84
4 96
5 45
5 48
5 96
6 7
6 96
7 96
8 17
8 69
8 94
8 96
12 96
13 96
14 96
15 17
15 33
15 57
15 68
15 96
16 19
16 25
16 33
17 68
17 96
18 89
18 96
19 33
19 34
19 45
19 48
19 83
21 53
21 57
22 48
23 69
25 33
25 39
25 51
33 39
33 80
34 47
36 93
37 44
37 93
38 41
38 42
38 44
40 41
40 44
40 93
41 45
41 93
42 54
42 74
42 80
44 45
44 47
44 89
44 92
44 93
44 97
45 51
45 54
45 55
45 73
45 80
45 88
46 54
46 80
46 85
46 88
47 88
48 55
48 66
48 88
49 88
49 95
51 84
51 96
52 56
52 69
52 96
54 57
54 84
54 96
55 96
57 69
57 96
61 96
63 96
65 96
66 97
72 96
75 76
75 80
79 93
80 83
80 84
81 97
82 83
82 84
82 85
82 89
82 97
83 84
83 88
84 88
84 92
89 93
90 95
93 94
93 96