(1, 4),-0.3988210926184967
(4, 76),0.33037081582854216
(13, 17),-0.2994995637257416
(13, 68),-0.2947751460402812
(14, 88),0.252693886970476
(15, 40),0.468552416653944
(24, 84),0.3642227329065651
(32, 76),0.2671988064774882
(34, 43),-0.41453147818837166
(34, 55),0.30045638392839336
(41, 79),0.2598610347458361
(42, 65),0.3072842967160391
(44, 81),-0.31467030175349414
(45, 94),-0.2652424188514325
(47, 91),0.2578968481643424
(52, 53),0.27028275400280605
(69, 74),-0.24901943398584067
(69, 75),-0.3259716221062781
(69, 80),-0.3294422659083695
(69, 83),-0.27636377865838313
(75, 83),0.24604677097488584
(86, 97),-0.30061713762573755
(90, 98),-0.3974744177126077
(92, 93),0.3104441507107747
